123
1234
111
222
121213
112233
1122
101010
110110
1010
2020
5050
5555
55
555
6666
1010010
159
357
2580
0852
147
369
3690
147012345
1234
1
2
3
4
5
6
78
789
456
123
3654
654
321
3232
223311
332211
32321
320
1230
123456789
1234567890
12345678900
00112233
017
108
018
016
019
013
011
010
15987456321
646
9494
8784
5461
5454
5754
5764
3167
6761
6
4616
578184
61949
46184
51948
761984
24804
6494 
6190
61940
4881848
81848
9494
676464646
6451
6491
54 08
3431
3169
31991
%84*949
%%%
%
#*
**
*#
##
wwe
kk
kdkd
100
200
300
100200300
10
64
00
31661
0000
6664
0884
00001
6991
00000
00112233
66
665544
112233
11445566
109645
1852
1258
11
22
33
44
55
66
77
88
99
00
11
10
20
30
40
50
60
70
80
90
01
02
03
04
05
06
07
08
09
011
%%
***+++
!!!
---
111222333444
114477
558800
64
65
6699
5566
8800
email
www
fb
#
@
ii
fbbb
pass
pd
pw
pwd
abc
ABC
asd
fgh
jkl
asdfghjkl
wert